date,total_vaccinations,total_vaccinations_per_hundred,people_vaccinated,people_vaccinated_per_hundred,people_fully_vaccinated,people_fully_vaccinated_per_hundred,daily_vaccinations,daily_vaccinations_per_million,daily_vaccinations_raw,daily_vaccinations_first_raw,daily_vaccinations_second_raw,korei_daily_vaccinations_raw,korei_daily_vaccinations_first_raw,korei_daily_vaccinations_second_raw,iryo_daily_vaccinations_raw,iryo_daily_vaccinations_first_raw,iryo_daily_vaccinations_second_raw
2021-07-18,70051205,55.386757,42640078,33.71385,27411127,21.672909,935178,7394,580702,231320,349382,580702,231320,349382,0,0,0
2021-07-17,69470503,54.927616,42408758,33.530952,27061745,21.396666,1014566,8021,753449,372704,380745,753449,372704,380745,0,0,0
2021-07-16,68717054,54.331894,42036054,33.23627,26681000,21.095625,1093096,8642,868124,436284,431840,802670,408016,394654,65454,28268,37186
2021-07-15,67848930,53.6455,41599770,32.89131,26249160,20.754187,1150293,9094,996588,490854,505734,938301,465758,472543,58287,25096,33191
2021-07-14,66852342,52.85754,41108916,32.503216,25743426,20.354322,1194597,9445,1073052,523821,549231,1010895,501467,509428,62157,22354,39803
2021-07-13,65779290,52.009117,40585095,32.08905,25194195,19.920067,1231711,9738,1109379,552752,556627,1035934,517646,518288,73445,35106,38339
2021-07-12,64669911,51.131977,40032343,31.652012,24637568,19.479963,1265729,10007,1164957,572448,592509,1023373,502733,520640,141584,69715,71869
2021-07-11,63504954,50.210888,39459895,31.1994,24045059,19.01149,1289297,10193,1136413,546207,590206,1136413,546207,590206,0,0,0
2021-07-10,62368541,49.31237,38913688,30.767534,23454853,18.544836,1298084,10263,1303164,724357,578807,1303164,724357,578807,0,0,0
2021-07-09,61065377,48.28201,38189331,30.194815,22876046,18.087196,1290675,10204,1268504,690247,578257,1190192,658288,531904,78312,31959,46353
2021-07-08,59796873,47.279053,37499084,29.649063,22297789,17.629992,1259658,9959,1306710,714036,592674,1223370,677300,546070,83340,36736,46604
2021-07-07,58490163,46.24589,36785048,29.084501,21705115,17.161388,1232712,9746,1332853,736175,596678,1256200,705210,550990,76653,30965,45688
2021-07-06,57157310,45.192055,36048873,28.502436,21108437,16.689617,1235827,9771,1347504,720816,626688,1247739,674225,573514,99765,46591,53174
2021-07-05,55809806,44.126637,35328057,27.932516,20481749,16.194118,1237001,9780,1329937,705422,624515,1184848,641744,543104,145089,63678,81411
2021-07-04,54479869,43.075104,34622635,27.374767,19857234,15.70034,1236829,9779,1197916,666203,531713,1197916,666203,531713,0,0,0
2021-07-03,53281953,42.12796,33956432,26.848026,19325521,15.279935,1238879,9795,1251305,664715,586590,1251305,664715,586590,0,0,0
2021-07-02,52030648,41.138603,33291717,26.32246,18738931,14.816142,1234171,9758,1051383,378234,673149,969559,351850,617709,81824,26384,55440
2021-07-01,50979265,40.307316,32913483,26.023407,18065782,14.283909,1277142,10097,1118086,448310,669776,1023289,411375,611914,94797,36935,57862
2021-06-30,49861179,39.42329,32465173,25.668945,17396006,13.754343,1306943,10333,1354662,643511,711151,1275483,611410,664073,79179,32101,47078
2021-06-29,48506517,38.35221,31821662,25.160147,16684855,13.192063,1304851,10316,1355724,632099,723625,1261243,592663,668580,94481,39436,55045
2021-06-28,47150793,37.280293,31189563,24.660372,15961230,12.619922,1297132,10255,1328728,634915,693813,1169073,555806,613267,159655,79109,80546
2021-06-27,45822065,36.229717,30554648,24.158367,15267417,12.071351,1291539,10211,1212267,683925,528342,1212267,683925,528342,0,0,0
2021-06-26,44609798,35.27123,29870723,23.617617,14739075,11.653611,1270488,10045,1218348,649136,569212,1218348,649136,569212,0,0,0
2021-06-25,43391450,34.307926,29221587,23.10437,14169863,11.203558,1247721,9865,1352179,662574,689605,1223824,609279,614545,128355,53295,75060
2021-06-24,42039271,33.23881,28559013,22.580496,13480258,10.658314,1223816,9676,1326698,659038,667660,1217277,613656,603621,109421,45382,64039
2021-06-23,40712573,32.189842,27899975,22.059422,12812598,10.130422,1211208,9576,1340017,679213,660804,1228531,627559,600972,111486,51654,59832
2021-06-22,39372556,31.130344,27220762,21.522394,12151794,9.607949,1195442,9451,1301689,673725,627964,1207554,627306,580248,94135,46419,47716
2021-06-21,38070867,30.10115,26547037,20.989706,11523830,9.111443,1179730,9327,1289581,681651,607930,1090801,606654,484147,198780,74997,123783
2021-06-20,36781286,29.08153,25865386,20.450752,10915900,8.630776,1165026,9211,1064904,633701,431203,1064904,633701,431203,0,0,0
2021-06-19,35716382,28.239552,25231685,19.949707,10484697,8.289841,1140753,9019,1058980,632232,426748,1058980,632232,426748,0,0,0
2021-06-18,34657402,27.402254,24599453,19.449827,10057949,7.952428,1118371,8842,1184846,639003,545843,1058898,586746,472152,125948,52257,73691
2021-06-17,33472556,26.465445,23960450,18.944593,9512106,7.520851,1101058,8705,1238444,663937,574507,1109114,612400,496714,129330,51537,77793
2021-06-16,32234112,25.486254,23296513,18.419643,8937599,7.066611,1078600,8528,1229653,649051,580602,1110918,602357,508561,118735,46694,72041
2021-06-15,31004459,24.514017,22647462,17.906464,8356997,6.6075516,1061741,8394,1191708,663959,527749,1076345,620544,455801,115363,43415,71948
2021-06-14,29812751,23.57178,21983503,17.381498,7829248,6.190281,1044538,8258,1186647,667935,518712,971682,576506,395176,214965,91429,123536
2021-06-13,28626104,22.633543,21315568,16.853388,7310536,5.7801557,1026138,8113,894993,583374,311619,894993,583374,311619,0,0,0
2021-06-12,27731111,21.925909,20732194,16.392138,6998917,5.5337706,1002637,7927,902309,637908,264401,902309,637908,264401,0,0,0
2021-06-11,26828802,21.212486,20094286,15.887768,6734516,5.324719,976840,7723,1063654,724109,339545,915671,667606,248065,147983,56503,91480
2021-06-10,25765148,20.371496,19370177,15.315242,6394971,5.056254,953146,7536,1081239,717275,363964,944648,663306,281342,136591,53969,82622
2021-06-09,24683909,19.516603,18652902,14.748121,6031007,4.7684817,929858,7352,1111642,745936,365706,944258,677195,267063,167384,68741,98643
2021-06-08,23572267,18.637672,17906966,14.1583395,5665301,4.4793324,904432,7150,1071285,767058,304227,909363,694379,214984,161922,72679,89243
2021-06-07,22500982,17.790648,17139908,13.551856,5361074,4.238792,877841,6940,1057847,747381,310466,818510,640800,177710,239337,106581,132756
2021-06-06,21443135,16.95425,16392527,12.960932,5050608,3.9933186,852995,6744,730485,553197,177288,730485,553197,177288,0,0,0
2021-06-05,20712650,16.376684,15839330,12.5235405,4873320,3.853144,822886,6506,721733,600371,121362,721733,600371,121362,0,0,0
2021-06-04,19990917,15.806037,15238959,12.04885,4751958,3.7571878,793998,6277,897796,694099,203697,738593,630536,108057,159203,63563,95640
2021-06-03,19093121,15.096185,14544860,11.500053,4548261,3.5961325,768326,6074,918220,706592,211628,775063,646826,128237,143157,59766,83391
2021-06-02,18174901,14.370184,13838268,10.941379,4336633,3.4288065,740576,5855,933663,715515,218148,774537,644059,130478,159126,71456,87670
2021-06-01,17241238,13.631974,13122753,10.3756485,4118485,3.2563255,708737,5603,885146,688914,196232,726089,622527,103562,159057,66387,92670
2021-05-31,16356092,12.932124,12433839,9.830952,3922253,3.1011724,675178,5338,883923,654471,229452,610668,522466,88202,273255,132005,141250
2021-05-30,15472169,12.23324,11779368,9.313487,3692801,2.9197536,659360,5213,519727,456087,63640,519727,456087,63640,0,0,0
2021-05-29,14952442,11.822312,11323281,8.952876,3629161,2.869436,634477,5016,519515,464057,55458,519515,464057,55458,0,0,0
2021-05-28,14432927,11.411552,10859224,8.585964,3573703,2.8255875,605644,4788,718089,601835,116254,553573,514094,39479,164516,87741,76775
2021-05-27,13714838,10.843787,10257389,8.110117,3457449,2.73367,583819,4616,723970,622496,101474,578821,538239,40582,145149,84257,60892
2021-05-26,12990868,10.271373,9634893,7.6179338,3355975,2.6534386,555132,4389,710794,650244,60550,568205,556829,11376,142589,93415,49174
2021-05-25,12280074,9.709375,8984649,7.1038113,3295425,2.6055639,542601,4290,650229,588200,62029,510577,500610,9967,139652,87590,52062
2021-05-24,11629845,9.195265,8396449,6.6387444,3233396,2.55652,528380,4177,773199,569987,203212,442610,433227,9383,330589,136760,193829
2021-05-23,10856646,8.583926,7826462,6.188078,3030184,2.3958483,503120,3977,345547,322244,23303,345547,322244,23303,0,0,0
2021-05-22,10511099,8.310716,7504218,5.9332924,3006881,2.3774235,483143,3820,317685,278902,38783,317685,278902,38783,0,0,0
2021-05-21,10193414,8.059535,7225316,5.712775,2968098,2.3467593,461271,3647,565311,368630,196681,316290,268712,47578,249021,99918,149103
2021-05-20,9628103,7.6125655,6856686,5.4213142,2771417,2.1912513,439033,3471,523159,391386,131773,332626,309964,22662,190533,81422,109111
2021-05-19,9104944,7.198924,6465300,5.1118603,2639644,2.0870636,423079,3345,623083,384916,238167,355217,296753,58464,267866,88163,179703
2021-05-18,8481861,6.7062764,6080384,4.8075223,2401477,1.8987541,388030,3068,550682,338224,212458,300438,243647,56791,250244,94577,155667
2021-05-17,7931179,6.2708735,5742160,4.540102,2189019,1.7307719,356054,2815,596376,337268,259108,246810,203425,43385,349566,133843,215723
2021-05-16,7334803,5.7993426,5404892,4.273437,1929911,1.5259054,320129,2531,205705,185154,20551,205705,185154,20551,0,0,0
2021-05-15,7129098,5.6366997,5219738,4.1270432,1909360,1.5096564,302208,2389,164586,134996,29590,164586,134996,29590,0,0,0
2021-05-14,6964512,5.506568,5084742,4.020307,1879770,1.4862608,288118,2278,409640,228181,181459,166762,128688,38074,242878,99493,143385
2021-05-13,6554872,5.1826816,4856561,3.8398933,1698311,1.3427882,256992,2031,411486,243618,167868,192347,150189,42158,219139,93429,125710
2021-05-12,6143386,4.8573356,4612943,3.647274,1530443,1.2100616,252827,1999,377741,235751,141990,196021,152792,43229,181720,82959,98761
2021-05-11,5765645,4.5586705,4377192,3.4608748,1388453,1.0977956,200333,1583,326850,212375,114475,158112,122088,36024,168738,90287,78451
2021-05-10,5438795,4.300243,4164817,3.2929583,1273978,1.0072846,154902,1224,344901,253748,91153,121397,98493,22904,223504,155255,68249
2021-05-09,5093894,4.027543,3911069,3.0923297,1182825,0.93521357,106772,844,80252,72330,7922,80252,72330,7922,0,0,0
2021-05-08,5013642,3.964091,3838739,3.0351412,1174903,0.92894995,98738,780,65957,58989,6968,65957,58989,6968,0,0,0
2021-05-07,4947685,3.9119415,3779750,2.9885008,1167935,0.92344064,94870,750,191760,139716,52044,51416,42551,8865,140344,97165,43179
2021-05-06,4755925,3.7603242,3640034,2.878033,1115891,0.8822915,115930,916,382332,311944,70388,50418,42966,7452,331914,268978,62936
2021-05-05,4373593,3.4580293,3328090,2.6313908,1045503,0.8266384,64025,506,10282,9405,877,10282,9405,877,0,0,0
2021-05-04,4363311,3.4498997,3318685,2.6239548,1044626,0.825945,108521,858,8834,8043,791,8834,8043,791,0,0,0
2021-05-03,4354477,3.442915,3310642,2.6175954,1043835,0.8253196,147259,1164,7992,7155,837,7992,7155,837,0,0,0
2021-05-02,4346485,3.4365962,3303487,2.6119382,1042998,0.8246578,191976,1517,24013,24013,0,24013,24013,0,0,0,0
2021-05-01,4322472,3.41761,3279474,2.592952,1042998,0.8246578,191873,1517,38882,38882,0,38882,38882,0,0,0,0
2021-04-30,4283590,3.3868675,3240592,2.5622096,1042998,0.8246578,191252,1512,339177,291937,47240,64270,64270,0,274907,227667,47240
2021-04-29,3944413,3.1186934,2948655,2.3313863,995758,0.78730696,175870,1390,18998,18998,0,18998,18998,0,0,0,0
2021-04-28,3925415,3.1036725,2929657,2.3163655,995758,0.78730696,202699,1602,321755,277487,44268,83482,83482,0,238273,194005,44268
2021-04-27,3603660,2.8492734,2652170,2.0969672,951490,0.752306,186944,1478,279999,248894,31105,76825,76825,0,203174,172069,31105
2021-04-26,3323661,2.6278892,2403276,1.9001765,920385,0.7277125,172029,1360,321012,279361,41651,57684,57684,0,263328,221677,41651
2021-04-25,3002649,2.3740773,2123915,1.6792967,878734,0.6947807,147801,1168,23288,23288,0,23288,23288,0,0,0,0
2021-04-24,2979361,2.3556645,2100627,1.6608838,878734,0.6947807,145774,1152,34538,34538,0,34538,34538,0,0,0,0
2021-04-23,2944823,2.3283567,2066089,1.6335759,878734,0.6947807,141974,1122,231506,201823,29683,53834,53834,0,177672,147989,29683
2021-04-22,2713317,2.145314,1864266,1.4740024,849051,0.6713115,120433,952,206796,184941,21855,56307,56307,0,150489,128634,21855
2021-04-21,2506521,1.9818083,1679325,1.3277768,827196,0.6540316,99714,788,211474,184778,26696,58590,58590,0,152884,126188,26696
2021-04-20,2295047,1.814604,1494547,1.18168,800500,0.63292414,77494,612,175592,147795,27797,49173,49173,0,126419,98622,27797
2021-04-19,2119455,1.6757704,1346752,1.0648242,772703,0.6109461,60733,480,151414,97107,54307,32382,32382,0,119032,64725,54307
2021-04-18,1968041,1.5560532,1249645,0.9880455,718396,0.5680077,53646,424,9100,9100,0,9100,9100,0,0,0,0
2021-04-17,1958941,1.5488582,1240545,0.9808505,718396,0.5680077,0,0,7936,7936,0,7936,7936,0,0,0,0
2021-04-16,1951005,1.5425835,1232609,0.9745758,718396,0.5680077,0,0,80719,40728,39991,11032,11032,0,69687,29696,39991
2021-04-15,1870286,1.4787621,1191881,0.9423738,678405,0.53638834,0,0,61763,25780,35983,9143,9143,0,52620,16637,35983
2021-04-14,1808523,1.4299285,1166101,0.9219906,642422,0.507938,0,0,55940,14513,41427,4944,4944,0,50996,9569,41427
2021-04-13,1752583,1.385699,1151588,0.91051567,600995,0.4751833,0,0,58262,18172,40090,4276,4276,0,53986,13896,40090
2021-04-12,1694321,1.3396335,1133416,0.8961478,560905,0.4434857,0,0,101804,31718,70086,4868,4868,0,96936,26850,70086
