date,total_vaccinations,total_vaccinations_per_hundred,people_vaccinated,people_vaccinated_per_hundred,people_fully_vaccinated,people_fully_vaccinated_per_hundred,daily_vaccinations,daily_vaccinations_per_million,daily_vaccinations_raw,daily_vaccinations_first_raw,daily_vaccinations_second_raw,korei_daily_vaccinations_raw,korei_daily_vaccinations_first_raw,korei_daily_vaccinations_second_raw,iryo_daily_vaccinations_raw,iryo_daily_vaccinations_first_raw,iryo_daily_vaccinations_second_raw
2021-07-11,60257292,47.64309,37601999,29.730434,22655293,17.912655,980363,7751,579974,273500,306474,579974,273500,306474,0,0,0
2021-07-10,59677318,47.18453,37328499,29.514189,22348819,17.67034,1059785,8379,784757,425286,359471,784757,425286,359471,0,0,0
2021-07-09,58892561,46.56405,36903213,29.177929,21989348,17.38612,1119169,8848,910842,484677,426165,832530,452718,379812,78312,31959,46353
2021-07-08,57981719,45.843884,36418536,28.794716,21563183,17.049168,1131689,8947,1063662,575620,488042,980322,538884,441438,83340,36736,46604
2021-07-07,56918057,45.002884,35842916,28.339596,21075141,16.66329,1132442,8953,1136620,624429,512191,1059967,593464,466503,76653,30965,45688
2021-07-06,55781437,44.104206,35218487,27.845884,20562950,16.258322,1155343,9134,1179185,629433,549752,1079420,582842,496578,99765,46591,53174
2021-07-05,54602252,43.17187,34589054,27.348217,20013198,15.823655,1173114,9275,1207502,635718,571784,1062413,572040,490373,145089,63678,81411
2021-07-04,53394750,42.217148,33953336,26.845577,19441414,15.371568,1184201,9363,1135932,628840,507092,1135932,628840,507092,0,0,0
2021-07-03,52258818,41.319008,33324496,26.34838,18934322,14.97063,1191742,9422,1200444,632226,568218,1200444,632226,568218,0,0,0
2021-07-02,51058374,40.369865,32692270,25.848501,18366104,14.521361,1190327,9411,998482,356791,641691,916658,330407,586251,81824,26384,55440
2021-07-01,50059892,39.580402,32335479,25.566402,17724413,14.014001,1236609,9777,1068930,424637,644293,974133,387702,586431,94797,36935,57862
2021-06-30,48990962,38.73524,31910842,25.230658,17080120,13.504584,1268944,10033,1296929,613334,683595,1217750,581233,636517,79179,32101,47078
2021-06-29,47694033,37.70981,31297508,24.745718,16396525,12.964092,1270486,10045,1303585,605438,698147,1209104,566002,643102,94481,39436,55045
2021-06-28,46390448,36.679115,30692070,24.267021,15698378,12.412095,1265289,10004,1285110,612872,672238,1125455,533763,591692,159655,79109,80546
2021-06-27,45105338,35.66303,30079198,23.782448,15026140,11.880583,1262167,9979,1188718,667471,521247,1188718,667471,521247,0,0,0
2021-06-26,43916620,34.723156,29411727,23.254705,14504893,11.468452,1242519,9824,1190541,631556,558985,1190541,631556,558985,0,0,0
2021-06-25,42726079,33.781845,28780171,22.75536,13945908,11.026485,1221153,9655,1322454,644960,677494,1194099,591665,602434,128355,53295,75060
2021-06-24,41403625,32.73623,28135211,22.245415,13268414,10.490817,1197977,9471,1295273,640676,654597,1185852,595294,590558,109421,45382,64039
2021-06-23,40108352,31.712109,27494535,21.738857,12613817,9.973253,1186784,9383,1307726,659873,647853,1196240,608219,588021,111486,51654,59832
2021-06-22,38800626,30.678139,26834662,21.21712,11965964,9.46102,1172733,9272,1267203,652951,614252,1173068,606532,566536,94135,46419,47716
2021-06-21,37533423,29.676214,26181711,20.700857,11351712,8.975356,1158800,9162,1263255,665369,597886,1064475,590372,474103,198780,74997,123783
2021-06-20,36270168,28.677406,25516342,20.174776,10753826,8.50263,1145036,9053,1051182,623621,427561,1051182,623621,427561,0,0,0
2021-06-19,35218986,27.846277,24892721,19.681702,10326265,8.164575,1121875,8870,1040980,620371,420609,1040980,620371,420609,0,0,0
2021-06-18,34178006,27.023216,24272350,19.1912,9905656,7.8320155,1100525,8701,1160221,624110,536111,1034273,571853,462420,125948,52257,73691
2021-06-17,33017785,26.105873,23648240,18.69774,9369545,7.4081335,1084332,8573,1216925,650356,566569,1087595,598819,488776,129330,51537,77793
2021-06-16,31800860,25.1437,22997884,18.183529,8802976,6.96017,1062743,8402,1209371,635855,573516,1090636,589161,501475,118735,46694,72041
2021-06-15,30591489,24.187496,22362029,17.680782,8229460,6.506713,1046620,8275,1169669,651039,518630,1054306,607624,446682,115363,43415,71948
2021-06-14,29421820,23.262686,21710990,17.166033,7710830,6.0966525,1030290,8146,1166906,656088,510818,951941,564659,387282,214965,91429,123536
2021-06-13,28254914,22.340057,21054902,16.64729,7200012,5.6927686,1012800,8007,889053,579260,309793,889053,579260,309793,0,0,0
2021-06-12,27365861,21.637117,20475642,16.189291,6890219,5.4478273,989394,7822,891534,629824,261710,891534,629824,261710,0,0,0
2021-06-11,26474327,20.932219,19845818,15.691314,6628509,5.2409034,963911,7621,1046870,711449,335421,898887,654946,243941,147983,56503,91480
2021-06-10,25427457,20.104498,19134369,15.1287985,6293088,4.975699,940592,7436,1065800,705627,360173,929209,651658,277551,136591,53969,82622
2021-06-09,24361657,19.26181,18428742,14.570888,5932915,4.690924,917799,7256,1096509,733749,362760,929125,665008,264117,167384,68741,98643
2021-06-08,23265148,18.394844,17694993,13.99074,5570155,4.404104,892530,7056,1055363,754306,301057,893441,681627,211814,161922,72679,89243
2021-06-07,22209785,17.56041,16940687,13.3943405,5269098,4.16607,866351,6849,1044473,736542,307931,805136,629961,175175,239337,106581,132756
2021-06-06,21165312,16.734587,16204145,12.811985,4961167,3.9226012,842458,6660,725212,549610,175602,725212,549610,175602,0,0,0
2021-06-05,20440100,16.16119,15654535,12.37743,4785565,3.7837596,812641,6425,713154,594155,118999,713154,594155,118999,0,0,0
2021-06-04,19726946,15.597326,15060380,11.907655,4666566,3.6896715,784037,6199,883633,683098,200535,724430,619535,104895,159203,63563,95640
2021-06-03,18843313,14.898671,14377282,11.367556,4466031,3.5311165,759264,6003,906254,696937,209317,763097,637171,125926,143157,59766,83391
2021-06-02,17937059,14.182134,13680345,10.816515,4256714,3.3656178,732252,5789,919621,704143,215478,760495,632687,127808,159126,71456,87670
2021-06-01,17017438,13.455024,12976202,10.259776,4041236,3.1952477,701646,5547,872113,678738,193375,713056,612351,100705,159057,66387,92670
2021-05-31,16145325,12.765478,12297464,9.7231245,3847861,3.0423536,669091,5290,877221,649810,227411,603966,517805,86161,273255,132005,141250
2021-05-30,15268104,12.071894,11647654,9.209346,3620450,2.8625486,653569,5167,516493,454614,61879,516493,454614,61879,0,0,0
2021-05-29,14751611,11.663523,11193040,8.8499,3558571,2.8136232,628894,4972,512924,460016,52908,512924,460016,52908,0,0,0
2021-05-28,14238687,11.257975,10733024,8.486183,3505663,2.771791,600067,4744,710222,596144,114078,545706,508403,37303,164516,87741,76775
2021-05-27,13528465,10.696429,10136880,8.014835,3391585,2.681594,577921,4569,717174,617901,99273,572025,533644,38381,145149,84257,60892
2021-05-26,12811291,10.129388,9518979,7.526285,3292312,2.6031027,549478,4344,705379,645283,60096,562790,551868,10922,142589,93415,49174
2021-05-25,12105912,9.571672,8873696,7.016085,3232216,2.555587,536503,4241,644225,582677,61548,504573,495087,9486,139652,87590,52062
2021-05-24,11461687,9.062308,8291019,6.555385,3170668,2.5069234,521894,4126,768570,565984,202586,437981,429224,8757,330589,136760,193829
2021-05-23,10693117,8.45463,7725035,6.107884,2968082,2.3467467,496317,3924,343767,321292,22475,343767,321292,22475,0,0,0
2021-05-22,10349350,8.182827,7403743,5.853851,2945607,2.3289764,476233,3765,311134,275741,35393,311134,275741,35393,0,0,0
2021-05-21,10038216,7.9368258,7128002,5.635833,2910214,2.3009927,454490,3593,555204,365380,189824,306183,265462,40721,249021,99918,149103
2021-05-20,9483012,7.4978476,6762622,5.3469415,2720390,2.1509063,432522,3419,518072,388464,129608,327539,307042,20497,190533,81422,109111
2021-05-19,8964940,7.088228,6374158,5.039798,2590782,2.0484302,416307,3291,614555,382942,231613,346689,294779,51910,267866,88163,179703
2021-05-18,8350385,6.6023235,5991216,4.7370205,2359169,1.8653029,381502,3016,541962,336053,205909,291718,241476,50242,250244,94577,155667
2021-05-17,7808423,6.1738153,5655163,4.471317,2153260,1.7024987,349979,2767,589528,335267,254261,239962,201424,38538,349566,133843,215723
2021-05-16,7218895,5.7076983,5319896,4.206234,1898999,1.5014644,314457,2486,203181,184526,18655,203181,184526,18655,0,0,0
2021-05-15,7015714,5.5470514,5135370,4.0603366,1880344,1.4867146,296473,2344,158932,133440,25492,158932,133440,25492,0,0,0
2021-05-14,6856782,5.42139,5001930,3.954831,1854852,1.466559,282815,2236,401425,226194,175231,158547,126701,31846,242878,99493,143385
2021-05-13,6455357,5.1039987,4775736,3.775988,1679621,1.3280108,252380,1995,404571,241523,163048,185432,148094,37338,219139,93429,125710
2021-05-12,6050786,4.7841206,4534213,3.5850253,1516573,1.1990951,248766,1966,370920,233648,137272,189200,150689,38511,181720,82959,98761
2021-05-11,5679866,4.4908485,4300565,3.4002888,1379301,1.0905595,197209,1559,321302,210640,110662,152564,120353,32211,168738,90287,78451
2021-05-10,5358564,4.2368073,4089925,3.2337441,1268639,1.0030633,152540,1206,340872,251827,89045,117368,96572,20796,223504,155255,68249
2021-05-09,5017692,3.9672933,3838098,3.0346344,1179594,0.932659,104950,829,77291,70296,6995,77291,70296,6995,0,0,0
2021-05-08,4940401,3.9061823,3767802,2.979054,1172599,0.92712826,97151,768,63326,56581,6745,63326,56581,6745,0,0,0
2021-05-07,4877075,3.856113,3711221,2.9343176,1165854,0.92179525,93184,736,188382,137594,50788,48038,40429,7609,140344,97165,43179
2021-05-06,4688693,3.7071667,3573627,2.8255274,1115066,0.8816392,113725,899,379272,309692,69580,47358,40714,6644,331914,268978,62936
2021-05-05,4309421,3.407291,3263935,2.580666,1045486,0.826625,62114,491,10022,9148,874,10022,9148,874,0,0,0
2021-05-04,4299399,3.399367,3254787,2.5734332,1044612,0.82593393,105510,834,8618,7836,782,8618,7836,782,0,0,0
2021-05-03,4290781,3.392553,3246951,2.5672374,1043830,0.82531565,143314,1133,7740,6908,832,7740,6908,832,0,0,0
2021-05-02,4283041,3.3864334,3240043,2.5617754,1042998,0.8246578,187383,1481,22700,22700,0,22700,22700,0,0,0,0
2021-05-01,4260341,3.3684855,3217343,2.5438275,1042998,0.8246578,187257,1480,35556,35556,0,35556,35556,0,0,0,0
2021-04-30,4224785,3.3403726,3181787,2.515715,1042998,0.8246578,186615,1475,332169,284929,47240,57262,57262,0,274907,227667,47240
2021-04-29,3892616,3.0777395,2896858,2.2904327,995758,0.78730696,171400,1355,17994,17994,0,17994,17994,0,0,0,0
2021-04-28,3874622,3.0635123,2878864,2.2762055,995758,0.78730696,197690,1563,313799,269531,44268,75526,75526,0,238273,194005,44268
2021-04-27,3560823,2.8154037,2609333,2.0630977,951490,0.752306,182270,1441,273240,242135,31105,70066,70066,0,203174,172069,31105
2021-04-26,3287583,2.5993636,2367198,1.871651,920385,0.7277125,167726,1326,316225,274574,41651,52897,52897,0,263328,221677,41651
2021-04-25,2971358,2.3493369,2092624,1.6545562,878734,0.6947807,143813,1137,21819,21819,0,21819,21819,0,0,0,0
2021-04-24,2949539,2.3320854,2070805,1.6373047,878734,0.6947807,141878,1121,31059,31059,0,31059,31059,0,0,0,0
2021-04-23,2918480,2.3075283,2039746,1.6127476,878734,0.6947807,138535,1095,225668,195985,29683,47996,47996,0,177672,147989,29683
2021-04-22,2692812,2.1291013,1843761,1.4577899,849051,0.6713115,117656,930,202024,180169,21855,51535,51535,0,150489,128634,21855
2021-04-21,2490788,1.9693688,1663592,1.3153373,827196,0.6540316,97528,771,205860,179164,26696,52976,52976,0,152884,126188,26696
2021-04-20,2284928,1.8066034,1484428,1.1736794,800500,0.63292414,76089,601,171429,143632,27797,45010,45010,0,126419,98622,27797
2021-04-19,2113499,1.6710612,1340796,1.0601151,772703,0.6109461,59900,473,148835,94528,54307,29803,29803,0,119032,64725,54307
2021-04-18,1964664,1.5533831,1246268,0.98537546,718396,0.5680077,53163,420,8271,8271,0,8271,8271,0,0,0,0
2021-04-17,1956393,1.5468436,1237997,0.97883594,718396,0.5680077,0,0,7664,7664,0,7664,7664,0,0,0,0
2021-04-16,1948729,1.540784,1230333,0.9727763,718396,0.5680077,0,0,79514,39523,39991,9827,9827,0,69687,29696,39991
2021-04-15,1869215,1.4779154,1190810,0.941527,678405,0.53638834,0,0,61125,25142,35983,8505,8505,0,52620,16637,35983
2021-04-14,1808090,1.4295862,1165668,0.9216482,642422,0.507938,0,0,55791,14364,41427,4795,4795,0,50996,9569,41427
2021-04-13,1752299,1.3854744,1151304,0.91029114,600995,0.4751833,0,0,58105,18015,40090,4119,4119,0,53986,13896,40090
2021-04-12,1694194,1.3395331,1133289,0.8960474,560905,0.4434857,0,0,101677,31591,70086,4741,4741,0,96936,26850,70086
