date,total_vaccinations,total_vaccinations_per_hundred,people_vaccinated,people_vaccinated_per_hundred,people_fully_vaccinated,people_fully_vaccinated_per_hundred,daily_vaccinations,daily_vaccinations_per_million,daily_vaccinations_raw,daily_vaccinations_first_raw,daily_vaccinations_second_raw,korei_daily_vaccinations_raw,korei_daily_vaccinations_first_raw,korei_daily_vaccinations_second_raw,iryo_daily_vaccinations_raw,iryo_daily_vaccinations_first_raw,iryo_daily_vaccinations_second_raw
2021-07-04,49122947,38.8396,31621774,25.002102,17501173,13.837494,862824,6822,538684,290082,248602,538684,290082,248602,0,0,0
2021-07-03,48584263,38.41368,31331692,24.772747,17252571,13.640936,938048,7416,686759,350762,335997,686759,350762,335997,0,0,0
2021-07-02,47897504,37.870686,30980930,24.495413,16916574,13.375275,991653,7840,705559,245077,460482,623735,218693,405042,81824,26384,55440
2021-07-01,47191945,37.312828,30735853,24.30164,16456092,13.011189,1061806,8395,844225,334441,509784,749428,297506,451922,94797,36935,57862
2021-06-30,46347720,36.645332,30401412,24.03721,15946308,12.608124,1108966,8768,1056738,502012,554726,977559,469911,507648,79179,32101,47078
2021-06-29,45290982,35.809814,29899400,23.64029,15391582,12.169523,1128817,8925,1089958,507334,582624,995477,467898,527579,94481,39436,55045
2021-06-28,44201024,34.948025,29392066,23.23916,14808958,11.708865,1138100,8998,1117851,532927,584924,958196,453818,504378,159655,79109,80546
2021-06-27,43083173,34.064182,28859139,22.817797,14224034,11.246388,1145495,9056,1065247,605736,459511,1065247,605736,459511,0,0,0
2021-06-26,42017926,33.221935,28253403,22.338863,13764523,10.883071,1135004,8974,1061998,570679,491319,1061998,570679,491319,0,0,0
2021-06-25,40955928,32.382256,27682724,21.88765,13273204,10.494604,1123226,8880,1196627,592813,603814,1068272,539518,528754,128355,53295,75060
2021-06-24,39759301,31.436127,27089911,21.418936,12669390,10.017192,1107908,8759,1174345,579756,594589,1064924,534374,530550,109421,45382,64039
2021-06-23,38584956,30.50762,26510155,20.960546,12074801,9.547074,1105018,8736,1195696,605092,590604,1084210,553438,530772,111486,51654,59832
2021-06-22,37389260,29.56223,25905063,20.482122,11484197,9.080107,1098386,8684,1154937,594274,560663,1060802,547855,512947,94135,46419,47716
2021-06-21,36234323,28.649067,25310789,20.012253,10923534,8.636812,1091941,8633,1169621,612829,556792,970841,537832,433009,198780,74997,123783
2021-06-20,35064702,27.724293,24697960,19.527714,10366742,8.196578,1084673,8576,991805,587955,403850,991805,587955,403850,0,0,0
2021-06-19,34072897,26.94011,24110005,19.06284,9962892,7.8772697,1066703,8434,979553,587184,392369,979553,587184,392369,0,0,0
2021-06-18,33093344,26.165615,23522821,18.598576,9570523,7.567039,1050378,8304,1089403,584202,505201,963455,531945,431510,125948,52257,73691
2021-06-17,32003941,25.304266,22938619,18.136671,9065322,7.1675963,1038701,8212,1154115,615832,538283,1024785,564295,460490,129330,51537,77793
2021-06-16,30849826,24.391754,22322787,17.649757,8527039,6.741997,1021004,8072,1149272,601694,547578,1030537,555000,475537,118735,46694,72041
2021-06-15,29700554,23.483068,21721093,17.17402,7979461,6.3090487,1008512,7973,1109819,615861,493958,994456,572446,422010,115363,43415,71948
2021-06-14,28590735,22.60558,21105232,16.687084,7485503,5.918495,995772,7873,1118750,627726,491024,903785,536297,367488,214965,91429,123536
2021-06-13,27471985,21.721025,20477506,16.190765,6994479,5.5302615,980909,7755,866009,563187,302822,866009,563187,302822,0,0,0
2021-06-12,26605976,21.036306,19914319,15.745476,6691657,5.290832,959298,7584,865281,612119,253162,865281,612119,253162,0,0,0
2021-06-11,25740695,20.352163,19302200,15.261497,6438495,5.090667,935363,7395,1007663,683298,324365,859680,626795,232885,147983,56503,91480
2021-06-10,24733032,19.555443,18618902,14.721239,6114130,4.834204,913821,7225,1030237,681645,348592,893646,627676,265970,136591,53969,82622
2021-06-09,23702795,18.740875,17937257,14.182288,5765538,4.558586,892375,7055,1061828,709228,352600,894444,640487,253957,167384,68741,98643
2021-06-08,22640967,17.901329,17228029,13.62153,5412938,4.279799,868130,6863,1020639,728715,291924,858717,656036,202681,161922,72679,89243
2021-06-07,21620328,17.094349,16499314,13.045363,5121014,4.048986,842810,6663,1014710,714263,300447,775373,607682,167691,239337,106581,132756
2021-06-06,20605618,16.292059,15785051,12.480624,4820567,3.8114343,821218,6493,714729,541341,173388,714729,541341,173388,0,0,0
2021-06-05,19890889,15.726949,15243710,12.052607,4647179,3.674343,792238,6263,697739,581789,115950,697739,581789,115950,0,0,0
2021-06-04,19193150,15.175275,14661921,11.592608,4531229,3.582666,764469,6044,856867,661913,194954,697664,598350,99314,159203,63563,95640
2021-06-03,18336283,14.497785,14000008,11.06926,4336275,3.4285235,741431,5862,880115,676393,203722,736958,616627,120331,143157,59766,83391
2021-06-02,17456168,13.80191,13323615,10.534462,4132553,3.2674484,716280,5663,892114,682883,209231,732988,611427,121561,159126,71456,87670
2021-06-01,16564054,13.096551,12640732,9.994534,3923322,3.1020176,688110,5440,843397,655619,187778,684340,589232,95108,159057,66387,92670
2021-05-31,15720657,12.42971,11985113,9.476161,3735544,2.953549,658094,5203,863567,642073,221494,590312,510068,80244,273255,132005,141250
2021-05-30,14857090,11.746922,11343040,8.968499,3514050,2.778422,643246,5085,511871,451248,60623,511871,451248,60623,0,0,0
2021-05-29,14345219,11.342205,10891792,8.611715,3453427,2.73049,618610,4891,503355,454129,49226,503355,454129,49226,0,0,0
2021-05-28,13841864,10.9442215,10437663,8.252653,3404201,2.6915689,589725,4662,695604,586456,109148,531088,498715,32373,164516,87741,76775
2021-05-27,13146260,10.394235,9851207,7.7889647,3295053,2.60527,567181,4484,704057,608716,95341,558908,524459,34449,145149,84257,60892
2021-05-26,12442203,9.837564,9242491,7.307677,3199712,2.5298874,538745,4259,694924,635741,59183,552335,542326,10009,142589,93415,49174
2021-05-25,11747279,9.2881155,8606750,6.8050213,3140529,2.4830937,524607,4147,633284,572922,60362,493632,485332,8300,139652,87590,52062
2021-05-24,11113995,8.787402,8033828,6.352034,3080167,2.4353678,509332,4027,759633,558148,201485,429044,421388,7656,330589,136760,193829
2021-05-23,10354362,8.1867895,7475680,5.9107285,2878682,2.2760615,483248,3820,339413,317572,21841,339413,317572,21841,0,0,0
2021-05-22,10014949,7.9184294,7158108,5.6596365,2856841,2.2587926,463323,3663,301161,271756,29405,301161,271756,29405,0,0,0
2021-05-21,9713788,7.680313,6886352,5.44477,2827436,2.2355433,441672,3492,537800,357248,180552,288779,257330,31449,249021,99918,149103
2021-05-20,9175988,7.2550955,6529104,5.1623077,2646884,2.092788,419896,3319,505000,379297,125703,314467,297875,16592,190533,81422,109111
2021-05-19,8670988,6.855812,6149807,4.8624125,2521181,1.9933994,403504,3190,595962,374976,220986,328096,286813,41283,267866,88163,179703
2021-05-18,8075026,6.384608,5774831,4.5659337,2300195,1.8186744,369319,2920,526361,329187,197174,276117,234610,41507,250244,94577,155667
2021-05-17,7548665,5.968435,5445644,4.3056583,2103021,1.6627766,338203,2674,577044,329886,247158,227478,196043,31435,349566,133843,215723
2021-05-16,6971621,5.5121884,5115758,4.0448303,1855863,1.4673585,302985,2395,199938,182127,17811,199938,182127,17811,0,0,0
2021-05-15,6771683,5.3541055,4933631,3.9008296,1838052,1.453276,285351,2256,149605,129663,19942,149605,129663,19942,0,0,0
2021-05-14,6622078,5.235819,4803968,3.79831,1818110,1.4375086,272405,2153,385362,218030,167332,142484,118537,23947,242878,99493,143385
2021-05-13,6236716,4.931128,4585938,3.6259222,1650778,1.3052057,243359,1924,390262,235056,155206,171123,141627,29496,219139,93429,125710
2021-05-12,5846454,4.622563,4350882,3.4400725,1495572,1.1824905,241090,1906,356664,227036,129628,174944,144077,30867,181720,82959,98761
2021-05-11,5489790,4.340563,4123846,3.260564,1365944,1.0799986,191527,1514,308550,203934,104616,139812,113647,26165,168738,90287,78451
2021-05-10,5181240,4.0966043,3919912,3.0993214,1261328,0.9972828,148584,1174,330519,245209,85310,107015,89954,17061,223504,155255,68249
2021-05-09,4850721,3.835276,3674703,2.9054441,1176018,0.92983156,102387,809,76500,69655,6845,76500,69655,6845,0,0,0
2021-05-08,4774221,3.7747903,3605048,2.850371,1169173,0.92441946,94668,748,58982,53156,5826,58982,53156,5826,0,0,0
2021-05-07,4715239,3.7281554,3551892,2.8083425,1163347,0.9198131,90538,715,182042,132770,49272,41698,35605,6093,140344,97165,43179
2021-05-06,4533197,3.584222,3419122,2.7033663,1114075,0.8808556,109743,867,374373,305688,68685,42459,36710,5749,331914,268978,62936
2021-05-05,4158824,3.28822,3113434,2.4616709,1045390,0.82654905,58421,461,9729,8845,884,9729,8845,884,0,0,0
2021-05-04,4149095,3.2805276,3104589,2.4546773,1044506,0.8258501,99047,783,7945,7223,722,7945,7223,722,0,0,0
2021-05-03,4141150,3.2742457,3097366,2.4489665,1043784,0.8252793,134678,1064,7143,6357,786,7143,6357,786,0,0,0
2021-05-02,4134007,3.268598,3091009,2.4439402,1042998,0.8246578,177150,1400,22462,22462,0,22462,22462,0,0,0,0
2021-05-01,4111545,3.2508383,3068547,2.4261804,1042998,0.8246578,176814,1398,30078,30078,0,30078,30078,0,0,0,0
2021-04-30,4081467,3.2270567,3038469,2.4023988,1042998,0.8246578,175815,1390,316471,269231,47240,41564,41564,0,274907,227667,47240
2021-04-29,3764996,2.9768355,2769238,2.1895285,995758,0.78730696,160679,1270,15124,15124,0,15124,15124,0,0,0,0
2021-04-28,3749872,2.9648774,2754114,2.1775706,995758,0.78730696,185484,1466,294108,249840,44268,55835,55835,0,238273,194005,44268
2021-04-27,3455764,2.7323377,2504274,1.9800317,951490,0.752306,170997,1352,257363,226258,31105,54189,54189,0,203174,172069,31105
2021-04-26,3198401,2.5288508,2278016,1.8011384,920385,0.7277125,157144,1242,304446,262795,41651,41118,41118,0,263328,221677,41651
2021-04-25,2893955,2.2881372,2015221,1.5933566,878734,0.6947807,133919,1058,20112,20112,0,20112,20112,0,0,0,0
2021-04-24,2873843,2.2722356,1995109,1.5774548,878734,0.6947807,132145,1044,23086,23086,0,23086,23086,0,0,0,0
2021-04-23,2850757,2.2539823,1972023,1.5592016,878734,0.6947807,129752,1025,210520,180837,29683,32848,32848,0,177672,147989,29683
2021-04-22,2640237,2.0875323,1791186,1.4162209,849051,0.6713115,110681,875,188756,166901,21855,38267,38267,0,150489,128634,21855
2021-04-21,2451481,1.9382904,1624285,1.2842587,827196,0.6540316,92209,729,192701,166005,26696,39817,39817,0,152884,126188,26696
2021-04-20,2258780,1.7859292,1458280,1.1530051,800500,0.63292414,72532,573,160389,132592,27797,33970,33970,0,126419,98622,27797
2021-04-19,2098391,1.6591159,1325688,1.0481697,772703,0.6109461,57840,457,141874,87567,54307,22842,22842,0,119032,64725,54307
2021-04-18,1956517,1.5469416,1238121,0.97893393,718396,0.5680077,52000,411,7692,7692,0,7692,7692,0,0,0,0
2021-04-17,1948825,1.5408598,1230429,0.9728522,718396,0.5680077,0,0,6337,6337,0,6337,6337,0,0,0,0
2021-04-16,1942488,1.5358495,1224092,0.9678418,718396,0.5680077,0,0,77024,37033,39991,7337,7337,0,69687,29696,39991
2021-04-15,1865464,1.4749496,1187059,0.9385612,678405,0.53638834,0,0,59451,23468,35983,6831,6831,0,52620,16637,35983
2021-04-14,1806013,1.427944,1163591,0.920006,642422,0.507938,0,0,54959,13532,41427,3963,3963,0,50996,9569,41427
2021-04-13,1751054,1.38449,1150059,0.90930676,600995,0.4751833,0,0,57546,17456,40090,3560,3560,0,53986,13896,40090
2021-04-12,1693508,1.3389907,1132603,0.895505,560905,0.4434857,0,0,100991,30905,70086,4055,4055,0,96936,26850,70086
