date,total_vaccinations,total_vaccinations_per_hundred,people_vaccinated,people_vaccinated_per_hundred,people_fully_vaccinated,people_fully_vaccinated_per_hundred,daily_vaccinations,daily_vaccinations_per_million,daily_vaccinations_raw,daily_vaccinations_first_raw,daily_vaccinations_second_raw,korei_daily_vaccinations_raw,korei_daily_vaccinations_first_raw,korei_daily_vaccinations_second_raw,iryo_daily_vaccinations_raw,iryo_daily_vaccinations_first_raw,iryo_daily_vaccinations_second_raw
2021-07-06,52643860,41.623447,33507141,26.492788,19136719,15.130658,944478,7467,814899,423914,390985,715134,377323,337811,99765,46591,53174
2021-07-05,51828961,40.979137,33083227,26.157618,18745734,14.821521,994971,7866,970689,506096,464593,825600,442418,383182,145089,63678,81411
2021-07-04,50858272,40.21165,32577131,25.757467,18281141,14.454184,1024335,8099,900529,493603,406926,900529,493603,406926,0,0,0
2021-07-03,49957743,39.499638,32083528,25.367193,17874215,14.132445,1054755,8339,983167,516447,466720,983167,516447,466720,0,0,0
2021-07-02,48974576,38.722286,31567081,24.958858,17407495,13.763428,1072832,8482,844664,300551,544113,762840,274167,488673,81824,26384,55440
2021-07-01,48129912,38.054443,31266530,24.721226,16863382,13.333218,1129384,8929,942214,376569,565645,847417,339634,507783,94797,36935,57862
2021-06-30,47187698,37.30947,30889961,24.423487,16297737,12.885984,1168464,9238,1155187,550524,604663,1076008,518423,557585,79179,32101,47078
2021-06-29,46032511,36.39611,30339437,23.988209,15693074,12.407901,1179532,9326,1168347,545191,623156,1073866,505755,568111,94481,39436,55045
2021-06-28,44864164,35.472343,29794246,23.557148,15069918,11.915196,1183295,9355,1176239,562112,614127,1016584,483003,533581,159655,79109,80546
2021-06-27,43687925,34.542336,29232134,23.112707,14455791,11.42963,1187217,9386,1113473,629986,483487,1113473,629986,483487,0,0,0
2021-06-26,42574452,33.661957,28602148,22.614603,13972304,11.047356,1173191,9275,1109701,593188,516513,1109701,593188,516513,0,0,0
2021-06-25,41464751,32.78456,28008960,22.145592,13455791,10.638968,1157916,9155,1240533,615650,624883,1112178,562355,549823,128355,53295,75060
2021-06-24,40224218,31.803719,27393310,21.658821,12830908,10.144898,1139166,9006,1215773,602277,613496,1106352,556895,549457,109421,45382,64039
2021-06-23,39008445,30.842455,26791033,21.182623,12217412,9.659831,1132684,8955,1232661,624873,607788,1121175,573219,547956,111486,51654,59832
2021-06-22,37775784,29.867838,26166160,20.688562,11609624,9.179276,1122826,8877,1194691,617066,577625,1100556,570647,529909,94135,46419,47716
2021-06-21,36581093,28.923243,25549094,20.200672,11031999,8.722571,1112708,8797,1203691,634280,569411,1004911,559283,445628,198780,74997,123783
2021-06-20,35377402,27.971529,24914814,19.699171,10462588,8.27236,1102178,8714,1015287,600599,414688,1015287,600599,414688,0,0,0
2021-06-19,34362115,27.168785,24314215,19.224302,10047900,7.9444823,1081571,8551,1002781,598289,404492,1002781,598289,404492,0,0,0
2021-06-18,33359334,26.375923,23715926,18.751257,9643408,7.624666,1062908,8404,1109283,595426,513857,983335,543169,440166,125948,52257,73691
2021-06-17,32250051,25.498857,23120500,18.280478,9129551,7.2183795,1049562,8298,1170399,624523,545876,1041069,572986,468083,129330,51537,77793
2021-06-16,31079652,24.573467,22495977,17.78669,8583675,6.786777,1030719,8149,1163651,609617,554034,1044916,562923,481993,118735,46694,72041
2021-06-15,29916001,23.653414,21886360,17.304691,8029641,6.348724,1017491,8044,1123865,624577,499288,1008502,581162,427340,115363,43415,71948
2021-06-14,28792136,22.764818,21261783,16.810863,7530353,5.953956,1003684,7935,1129980,634991,494989,915015,543562,371453,214965,91429,123536
2021-06-13,27662156,21.871387,20626792,16.3088,7035364,5.5625877,988163,7813,871038,567368,303670,871038,567368,303670,0,0,0
2021-06-12,26791118,21.182692,20059424,15.860204,6731694,5.322488,966429,7641,872142,617388,254754,872142,617388,254754,0,0,0
2021-06-11,25918976,20.493122,19442036,15.372059,6476940,5.1210637,942148,7449,1015860,689338,326522,867877,632835,235042,147983,56503,91480
2021-06-10,24903116,19.689922,18752698,14.827026,6150418,4.8628955,920447,7277,1038498,687495,351003,901907,633526,268381,136591,53969,82622
2021-06-09,23864618,18.868822,18065203,14.283452,5799415,4.585371,898751,7106,1071057,715915,355142,903673,647174,256499,167384,68741,98643
2021-06-08,22793561,18.021978,17349288,13.717405,5444273,4.304574,874170,6911,1027218,733690,293528,865296,661011,204285,161922,72679,89243
2021-06-07,21766343,17.209799,16615598,13.137305,5150745,4.072493,848862,6711,1021329,719556,301773,781992,612975,169017,239337,106581,132756
2021-06-06,20745014,16.402273,15896042,12.56838,4848972,3.8338928,826901,6537,718903,545377,173526,718903,545377,173526,0,0,0
2021-06-05,20026111,15.833865,15350665,12.137172,4675446,3.6966927,797526,6305,702177,585565,116612,702177,585565,116612,0,0,0
2021-06-04,19323934,15.278681,14765100,11.674189,4558834,3.6044922,769486,6084,863951,668296,195655,704748,604733,100015,159203,63563,95640
2021-06-03,18459983,14.595589,14096804,11.145793,4363179,3.4497955,745931,5897,886622,681971,204651,743465,622205,121260,143157,59766,83391
2021-06-02,17573361,13.89457,13414833,10.606585,4158528,3.2879858,720248,5694,898995,688946,210049,739869,617490,122379,159126,71456,87670
2021-06-01,16674366,13.18377,12725887,10.061862,3948479,3.1219082,691422,5466,850058,661615,188443,691001,595228,95773,159057,66387,92670
2021-05-31,15824308,12.5116625,12064272,9.538749,3760036,2.9729137,660831,5224,867606,644915,222691,594351,512910,81441,273255,132005,141250
2021-05-30,14956702,11.825681,11419357,9.02884,3537345,2.7968407,645739,5105,513277,452247,61030,513277,452247,61030,0,0,0
2021-05-29,14443425,11.419852,10967110,8.671266,3476315,2.7485867,621038,4910,505898,456196,49702,505898,456196,49702,0,0,0
2021-05-28,13937527,11.019858,10510914,8.31057,3426613,2.709289,592195,4682,699065,588731,110334,534549,500990,33559,164516,87741,76775
2021-05-27,13238462,10.467135,9922183,7.8450828,3316279,2.6220524,569766,4504,706840,610837,96003,561691,526580,35111,145149,84257,60892
2021-05-26,12531622,9.908264,9311346,7.362118,3220276,2.5461466,541376,4280,697213,637869,59344,554624,544454,10170,142589,93415,49174
2021-05-25,11834409,9.357005,8673477,6.85778,3160932,2.4992256,527522,4170,635924,575196,60728,496272,487606,8666,139652,87590,52062
2021-05-24,11198485,8.854205,8098281,6.4029946,3100204,2.4512103,512387,4051,761960,560216,201744,431371,423456,7915,330589,136760,193829
2021-05-23,10436525,8.251753,7538065,5.960054,2898460,2.2916992,486373,3845,340370,318477,21893,340370,318477,21893,0,0,0
2021-05-22,10096155,7.982636,7219588,5.7082467,2876567,2.2743893,466430,3687,303994,272940,31054,303994,272940,31054,0,0,0
2021-05-21,9792161,7.7422795,6946648,5.4924436,2845513,2.2498362,444719,3516,542066,359502,182564,293045,259584,33461,249021,99918,149103
2021-05-20,9250095,7.313689,6587146,5.2081995,2662949,2.10549,422975,3344,508105,381286,126819,317572,299864,17708,190533,81422,109111
2021-05-19,8741990,6.9119506,6205860,4.906731,2536130,2.005219,406597,3214,600238,376851,223387,332372,288688,43684,267866,88163,179703
2021-05-18,8141752,6.4373655,5829009,4.60877,2312743,1.8285956,372272,2943,529982,330811,199171,279738,236234,43504,250244,94577,155667
2021-05-17,7611770,6.0183296,5498198,4.3472104,2113572,1.6711189,341002,2696,579857,331300,248557,230291,197457,32834,349566,133843,215723
2021-05-16,7031913,5.5598593,5166898,4.0852647,1865015,1.4745946,305657,2416,200772,182783,17989,200772,182783,17989,0,0,0
2021-05-15,6831141,5.401117,4984115,3.940745,1847026,1.4603714,287934,2276,152013,130936,21077,152013,130936,21077,0,0,0
2021-05-14,6679128,5.2809258,4853179,3.8372192,1825949,1.4437066,274733,2172,389864,220717,169147,146986,121224,25762,242878,99493,143385
2021-05-13,6289264,4.972676,4632462,3.6627069,1656802,1.3099687,245276,1939,393453,236693,156760,174314,143264,31050,219139,93429,125710
2021-05-12,5895811,4.6615877,4395769,3.475563,1500042,1.1860247,242698,1918,359967,228676,131291,178247,145717,32530,181720,82959,98761
2021-05-11,5535844,4.376976,4167093,3.2947578,1368751,1.082218,192675,1523,311092,205355,105737,142354,115068,27286,168738,90287,78451
2021-05-10,5224752,4.1310077,3961738,3.1323917,1263014,0.99861586,149410,1181,332439,246493,85946,108935,91238,17697,223504,155255,68249
2021-05-09,4892313,3.868161,3715245,2.9374993,1177068,0.93066174,102959,814,76713,69818,6895,76713,69818,6895,0,0,0
2021-05-08,4815600,3.807507,3645427,2.8822968,1170173,0.9252101,95225,752,59608,53587,6021,59608,53587,6021,0,0,0
2021-05-07,4755992,3.7603772,3591840,2.8399277,1164152,0.92044955,91208,721,183661,133939,49722,43317,36774,6543,140344,97165,43179
2021-05-06,4572331,3.6151638,3457901,2.7340274,1114430,0.8811363,110765,875,375411,306403,69008,43497,37425,6072,331914,268978,62936
2021-05-05,4196920,3.3183408,3151498,2.4917665,1045422,0.8265744,59491,470,9802,8917,885,9802,8917,885,0,0,0
2021-05-04,4187118,3.3105907,3142581,2.4847162,1044537,0.8258746,100851,797,8238,7489,749,8238,7489,749,0,0,0
2021-05-03,4178880,3.3040774,3135092,2.4787948,1043788,0.82528245,137073,1083,7281,6491,790,7281,6491,790,0,0,0
2021-05-02,4171599,3.2983205,3128601,2.4736626,1042998,0.8246578,179942,1422,22574,22574,0,22574,22574,0,0,0,0
2021-05-01,4149025,3.280472,3106027,2.4558144,1042998,0.8246578,179630,1420,31495,31495,0,31495,31495,0,0,0,0
2021-04-30,4117530,3.2555702,3074532,2.4309125,1042998,0.8246578,178691,1412,320559,273319,47240,45652,45652,0,274907,227667,47240
2021-04-29,3796971,3.0021167,2801213,2.21481,995758,0.78730696,163497,1292,16494,16494,0,16494,16494,0,0,0,0
2021-04-28,3780477,2.9890757,2784719,2.2017686,995758,0.78730696,188542,1490,299319,255051,44268,61046,61046,0,238273,194005,44268
2021-04-27,3481158,2.752416,2529668,2.0001097,951490,0.752306,173755,1373,261790,230685,31105,58616,58616,0,203174,172069,31105
2021-04-26,3219368,2.5454288,2298983,1.8177161,920385,0.7277125,159659,1262,307366,265715,41651,44038,44038,0,263328,221677,41651
2021-04-25,2912002,2.3024063,2033268,1.6076256,878734,0.6947807,136225,1077,20389,20389,0,20389,20389,0,0,0,0
2021-04-24,2891613,2.2862856,2012879,1.5915049,878734,0.6947807,134452,1063,24920,24920,0,24920,24920,0,0,0,0
2021-04-23,2866693,2.2665823,1987959,1.5718017,878734,0.6947807,131831,1042,214202,184519,29683,36530,36530,0,177672,147989,29683
2021-04-22,2652491,2.0972211,1803440,1.4259096,849051,0.6713115,112321,888,191812,169957,21855,41323,41323,0,150489,128634,21855
2021-04-21,2460679,1.9455628,1633483,1.2915312,827196,0.6540316,93455,738,195807,169111,26696,42923,42923,0,152884,126188,26696
2021-04-20,2264872,1.7907459,1464372,1.1578218,800500,0.63292414,73360,580,163121,135324,27797,36702,36702,0,126419,98622,27797
2021-04-19,2101751,1.6617725,1329048,1.0508264,772703,0.6109461,58295,460,143324,89017,54307,24292,24292,0,119032,64725,54307
2021-04-18,1958427,1.5484518,1240031,0.98044413,718396,0.5680077,52272,413,7984,7984,0,7984,7984,0,0,0,0
2021-04-17,1950443,1.5421392,1232047,0.97413146,718396,0.5680077,0,0,6568,6568,0,6568,6568,0,0,0,0
2021-04-16,1943875,1.536946,1225479,0.9689384,718396,0.5680077,0,0,77632,37641,39991,7945,7945,0,69687,29696,39991
2021-04-15,1866243,1.4755656,1187838,0.93917716,678405,0.53638834,0,0,59752,23769,35983,7132,7132,0,52620,16637,35983
2021-04-14,1806491,1.428322,1164069,0.92038393,642422,0.507938,0,0,55144,13717,41427,4148,4148,0,50996,9569,41427
2021-04-13,1751347,1.3847218,1150352,0.90953845,600995,0.4751833,0,0,57664,17574,40090,3678,3678,0,53986,13896,40090
2021-04-12,1693683,1.3391291,1132778,0.89564335,560905,0.4434857,0,0,101166,31080,70086,4230,4230,0,96936,26850,70086
