date,total_vaccinations,total_vaccinations_per_hundred,people_vaccinated,people_vaccinated_per_hundred,people_fully_vaccinated,people_fully_vaccinated_per_hundred,daily_vaccinations,daily_vaccinations_per_million,daily_vaccinations_raw,daily_vaccinations_first_raw,daily_vaccinations_second_raw,korei_daily_vaccinations_raw,korei_daily_vaccinations_first_raw,korei_daily_vaccinations_second_raw,iryo_daily_vaccinations_raw,iryo_daily_vaccinations_first_raw,iryo_daily_vaccinations_second_raw
2021-07-29,84009438,66.42299,48862145,38.633392,35147293,27.789593,875173,6919,724316,281757,442559,693944,272660,421284,30372,9097,21275
2021-07-28,83285122,65.850296,48580388,38.410618,34704734,27.43968,845300,6683,949439,360042,589397,919192,348242,570950,30247,11800,18447
2021-07-27,82335683,65.09961,48220346,38.125946,34115337,26.973665,875431,6921,1028794,390438,638356,986073,373915,612158,42721,16523,26198
2021-07-26,81306889,64.28619,47829908,37.81724,33476981,26.468943,900296,7118,1052357,373718,678639,983212,347488,635724,69145,26230,42915
2021-07-25,80254532,63.454124,47456190,37.52176,32798342,25.93237,889205,7030,954189,305976,648213,954189,305976,648213,0,0,0
2021-07-24,79300343,62.699688,47150214,37.279835,32150129,25.419851,917863,7257,1032981,338615,694366,1032981,338615,694366,0,0,0
2021-07-23,78267362,61.882946,46811599,37.012104,31455763,24.870846,952612,7531,384136,167057,217079,384136,167057,217079,0,0,0
2021-07-22,77883226,61.579227,46644542,36.88002,31238684,24.69921,1077437,8518,515209,225757,289452,515209,225757,289452,0,0,0
2021-07-21,77368017,61.17187,46418785,36.701523,30949232,24.47035,1185689,9374,1160355,512600,647755,1113489,508610,604879,46866,3990,42876
2021-07-20,76207662,60.254425,45906185,36.296227,30301477,23.958195,1207128,9544,1202847,581661,621186,1129276,541130,588146,73571,40531,33040
2021-07-19,75004815,59.303383,45324524,35.836334,29680291,23.467049,1224276,9679,974722,361021,613701,862554,316824,545730,112168,44197,67971
2021-07-18,74030093,58.532707,44963503,35.550888,29066590,22.98182,1275096,10081,1154797,501549,653248,1154797,501549,653248,0,0,0
2021-07-17,72875296,57.61965,44461954,35.15433,28413342,22.46532,1287343,10178,1276224,652572,623652,1276224,652572,623652,0,0,0
2021-07-16,71599072,56.61059,43809382,34.63837,27789690,21.972223,1307595,10338,1257909,654226,603683,1192455,625958,566497,65454,28268,37186
2021-07-15,70341163,55.61601,43155156,34.121098,27186007,21.494915,1327945,10499,1272975,644886,628089,1214688,619790,594898,58287,25096,33191
2021-07-14,69068188,54.609524,42510270,33.611214,26557918,20.99831,1349017,10666,1310425,657265,653160,1248268,634911,613357,62157,22354,39803
2021-07-13,67757763,53.573418,41853005,33.091537,25904758,20.481882,1366344,10803,1322885,675393,647492,1249440,640287,609153,73445,35106,38339
2021-07-12,66434878,52.527466,41177612,32.55753,25257266,19.969934,1382695,10932,1330462,664478,665984,1188878,594763,594115,141584,69715,71869
2021-07-11,65104416,51.47552,40513134,32.032154,24591282,19.443367,1393422,11017,1240527,610929,629598,1240527,610929,629598,0,0,0
2021-07-10,63863889,50.494682,39902205,31.549116,23961684,18.945568,1394024,11022,1417984,801803,616181,1417984,801803,616181,0,0,0
2021-07-09,62445905,49.37354,39100402,30.915161,23345503,18.45838,1377226,10889,1400358,773220,627138,1322046,741261,580785,78312,31959,46353
2021-07-08,61045547,48.26633,38327182,30.303808,22718365,17.962524,1334263,10549,1420481,789042,631439,1337141,752306,584835,83340,36736,46604
2021-07-07,59625066,47.14321,37538140,29.679943,22086926,17.46327,1297561,10259,1431712,800277,631435,1355059,769312,585747,76653,30965,45688
2021-07-06,58193354,46.01121,36737863,29.047195,21455491,16.96402,1292685,10220,1437347,778599,658748,1337582,732008,605574,99765,46591,53174
2021-07-05,56756007,44.87476,35959264,28.431587,20796743,16.443174,1287355,10178,1405546,755905,649641,1260457,692227,568230,145089,63678,81411
2021-07-04,55350461,43.76345,35203359,27.833923,20147102,15.929527,1282245,10138,1244740,700646,544094,1244740,700646,544094,0,0,0
2021-07-03,54105721,42.77928,34502713,27.279947,19603008,15.499333,1281144,10129,1300398,699832,600566,1300398,699832,600566,0,0,0
2021-07-02,52805323,41.75111,33802881,26.726618,19002442,15.024489,1273497,10069,1099620,402862,696758,1017796,376478,641318,81824,26384,55440
2021-07-01,51705703,40.881683,33400019,26.408092,18305684,14.47359,1309548,10354,1163565,473767,689798,1068768,436832,631936,94797,36935,57862
2021-06-30,50542138,39.961693,32926252,26.033503,17615886,13.928194,1337118,10572,1397582,673808,723774,1318403,641707,676696,79179,32101,47078
2021-06-29,49144556,38.85668,32252444,25.50075,16892112,13.355934,1333317,10542,1400035,663595,736440,1305554,624159,681395,94481,39436,55045
2021-06-28,47744521,37.74973,31588849,24.976068,16155672,12.77366,1323824,10466,1369777,664959,704818,1210122,585850,624272,159655,79109,80546
2021-06-27,46374744,36.666702,30923890,24.450314,15450854,12.216388,1316408,10408,1237036,703386,533650,1237036,703386,533650,0,0,0
2021-06-26,45137708,35.688625,30220504,23.894173,14917204,11.794451,1293064,10223,1246864,668845,578019,1246864,668845,578019,0,0,0
2021-06-25,43890844,34.702778,29551659,23.365345,14339185,11.337434,1268134,10026,1351979,669513,682466,1223624,616218,607406,128355,53295,75060
2021-06-24,42538865,33.63382,28882146,22.835985,13656719,10.797834,1247054,9859,1356559,678961,677598,1247138,633579,613559,109421,45382,64039
2021-06-23,41182306,32.56124,28203185,22.299156,12979121,10.262085,1232672,9746,1370970,700233,670737,1259484,648579,610905,111486,51654,59832
2021-06-22,39811336,31.47727,27502952,21.74551,12308384,9.731759,1215121,9607,1333585,694125,639460,1239450,647706,591744,94135,46419,47716
2021-06-21,38477751,30.422857,26808827,21.196693,11668924,9.226163,1197465,9467,1317869,701554,616315,1119089,626557,492532,198780,74997,123783
2021-06-20,37159882,29.380867,26107273,20.642002,11052609,8.738867,1180896,9336,1073628,639602,434026,1073628,639602,434026,0,0,0
2021-06-19,36086254,28.531994,25467671,20.136295,10618583,8.3956995,1156417,9143,1072349,639888,432461,1072349,639888,432461,0,0,0
2021-06-18,35013905,27.684128,24827783,19.63036,10186122,8.053769,1133609,8963,1204421,649417,555004,1078473,597160,481313,125948,52257,73691
2021-06-17,33809484,26.73184,24178366,19.11689,9631118,7.614949,1115745,8821,1255883,673227,582656,1126553,621690,504863,129330,51537,77793
2021-06-16,32553601,25.738861,23505139,18.584597,9048462,7.154266,1092958,8641,1248113,658379,589734,1129378,611685,517693,118735,46694,72041
2021-06-15,31305488,24.752028,22846760,18.064041,8458728,6.6879864,1075683,8505,1209998,673263,536735,1094635,629848,464787,115363,43415,71948
2021-06-14,30095490,23.79533,22173497,17.531717,7921993,6.263611,1058012,8365,1201883,676197,525686,986918,584768,402150,214965,91429,123536
2021-06-13,28893607,22.845049,21497300,16.997076,7396307,5.8479714,1039238,8216,902278,588427,313851,902278,588427,313851,0,0,0
2021-06-12,27991329,22.13165,20908873,16.53183,7082456,5.5998216,1015293,8027,912689,644426,268263,912689,644426,268263,0,0,0
2021-06-11,27078640,21.410025,20264447,16.022308,6814193,5.3877163,989311,7822,1079372,733775,345597,931389,677272,254117,147983,56503,91480
2021-06-10,25999268,20.556606,19530672,15.442141,6468596,5.1144667,965164,7631,1096374,726304,370070,959783,672335,287448,136591,53969,82622
2021-06-09,24902894,19.689747,18804368,14.86788,6098526,4.8218665,941487,7443,1127187,755507,371680,959803,686766,273037,167384,68741,98643
2021-06-08,23775707,18.798525,18048861,14.27053,5726846,4.5279937,915461,7238,1086306,776411,309895,924384,703732,220652,161922,72679,89243
2021-06-07,22689401,17.939623,17272450,13.656652,5416951,4.282972,888539,7025,1070462,755910,314552,831125,649329,181796,239337,106581,132756
2021-06-06,21618939,17.093252,16516540,13.058984,5102399,4.034268,862581,6820,734666,556746,177920,734666,556746,177920,0,0,0
2021-06-05,20884273,16.512379,15959794,12.618786,4924479,3.8935933,832208,6579,730814,607392,123422,730814,607392,123422,0,0,0
2021-06-04,20153459,15.934554,15352402,12.138545,4801057,3.7960083,802496,6345,910340,701791,208549,751137,638228,112909,159203,63563,95640
2021-06-03,19243119,15.214784,14650611,11.583667,4592508,3.6311169,775782,6133,930638,714196,216442,787481,654430,133051,143157,59766,83391
2021-06-02,18312481,14.478963,13936415,11.018979,4376066,3.4599845,746967,5905,945006,722701,222305,785880,651245,134635,159126,71456,87670
2021-06-01,17367475,13.731786,13213714,10.447568,4153761,3.2842166,714180,5646,897852,697732,200120,738795,631345,107450,159057,66387,92670
2021-05-31,16469623,13.021888,12515982,9.895899,3953641,3.1259897,679505,5372,888752,657647,231105,615497,525642,89855,273255,132005,141250
2021-05-30,15580871,12.319186,11858335,9.375923,3722536,2.943264,663562,5246,522059,457701,64358,522059,457701,64358,0,0,0
2021-05-29,15058812,11.906415,11400634,9.014036,3658178,2.8923786,638581,5049,522830,466447,56383,522830,466447,56383,0,0,0
2021-05-28,14535982,11.493033,10934187,8.645235,3601795,2.8477988,609706,4820,723339,605960,117379,558823,518219,40604,164516,87741,76775
2021-05-27,13812643,10.921118,10328227,8.166126,3484416,2.7549918,587797,4647,728933,626702,102231,583784,542445,41339,145149,84257,60892
2021-05-26,13083710,10.344779,9701525,7.670617,3382185,2.6741617,558802,4418,715497,654723,60774,572908,561308,11600,142589,93415,49174
2021-05-25,12368213,9.779063,9046802,7.152953,3321411,2.62611,546382,4320,655130,592809,62321,515478,505219,10259,139652,87590,52062
2021-05-24,11713083,9.261078,8453993,6.6842422,3259090,2.5768354,532076,4206,777152,573667,203485,446563,436907,9656,330589,136760,193829
2021-05-23,10935931,8.646614,7880326,6.230666,3055605,2.4159477,506842,4007,347187,322867,24320,347187,322867,24320,0,0,0
2021-05-22,10588744,8.372107,7557459,5.975388,3031285,2.3967187,486863,3849,320705,280014,40691,320705,280014,40691,0,0,0
2021-05-21,10268039,8.118538,7277445,5.7539916,2990594,2.364546,464795,3674,569981,370530,199451,320960,270612,50348,249021,99918,149103
2021-05-20,9698058,7.6678762,6906915,5.461028,2791143,2.206848,442328,3497,525964,393151,132813,335431,311729,23702,190533,81422,109111
2021-05-19,9172094,7.252017,6513764,5.150179,2658330,2.1018379,426453,3371,628560,387176,241384,360694,299013,61681,267866,88163,179703
2021-05-18,8543534,6.7550387,6126588,4.844054,2416946,1.9109849,391072,3092,554983,340066,214917,304739,245489,59250,250244,94577,155667
2021-05-17,7988551,6.3162355,5786522,4.575177,2202029,1.7410583,358937,2837,600519,338779,261740,250953,204936,46017,349566,133843,215723
2021-05-16,7388032,5.8414288,5447743,4.3073177,1940289,1.5341108,322838,2552,207332,185512,21820,207332,185512,21820,0,0,0
2021-05-15,7180700,5.6774993,5262231,4.1606407,1918469,1.5168586,304844,2410,166229,135535,30694,166229,135535,30694,0,0,0
2021-05-14,7014471,5.5460687,5126696,4.0534782,1887775,1.4925901,290623,2297,412714,229493,183221,169836,130000,39836,242878,99493,143385
2021-05-13,6601757,5.219752,4897203,3.8720274,1704554,1.3477243,259220,2049,414836,244918,169918,195697,151489,44208,219139,93429,125710
2021-05-12,6186921,4.891757,4652285,3.6783803,1534636,1.2133768,254711,2013,380897,237488,143409,199177,154529,44648,181720,82959,98761
2021-05-11,5806024,4.5905967,4414797,3.4906077,1391227,1.0999889,201787,1595,330034,214079,115955,161296,123792,37504,168738,90287,78451
2021-05-10,5475990,4.329652,4200718,3.321344,1275272,1.0083078,155916,1232,347827,255325,92502,124323,100070,24253,223504,155255,68249
2021-05-09,5128163,4.0546384,3945393,3.1194682,1182770,0.93517005,107373,848,81377,73136,8241,81377,73136,8241,0,0,0
2021-05-08,5046786,3.9902968,3872257,3.0616424,1174529,0.92865425,99291,785,66679,59899,6780,66679,59899,6780,0,0,0
2021-05-07,4980107,3.9375763,3812358,3.0142827,1167749,0.9232936,95564,755,192892,140910,51982,52548,43745,8803,140344,97165,43179
2021-05-06,4787215,3.785064,3671448,2.9028707,1115767,0.88219345,116941,924,383274,312976,70298,51360,43998,7362,331914,268978,62936
2021-05-05,4403941,3.4820242,3358472,2.6554127,1045469,0.8266115,65046,514,10429,9523,906,10429,9523,906,0,0,0
2021-05-04,4393512,3.4737785,3348949,2.6478832,1044563,0.8258952,110177,871,8937,8198,739,8937,8198,739,0,0,0
2021-05-03,4384575,3.4667122,3340751,2.6414015,1043824,0.8253109,149413,1181,8023,7197,826,8023,7197,826,0,0,0
2021-05-02,4376552,3.4603689,3333554,2.635711,1042998,0.8246578,194679,1539,24807,24807,0,24807,24807,0,0,0,0
2021-05-01,4351745,3.440755,3308747,2.6160972,1042998,0.8246578,194601,1538,40589,40589,0,40589,40589,0,0,0,0
2021-04-30,4311156,3.4086628,3268158,2.5840049,1042998,0.8246578,194008,1533,342528,295288,47240,67621,67621,0,274907,227667,47240
2021-04-29,3968628,3.1378393,2972870,2.3505323,995758,0.78730696,178442,1410,20009,20009,0,20009,20009,0,0,0,0
2021-04-28,3948619,3.122019,2952861,2.334712,995758,0.78730696,205484,1624,326351,282083,44268,88078,88078,0,238273,194005,44268
2021-04-27,3622268,2.863986,2670778,2.11168,951490,0.752306,189385,1497,283585,252480,31105,80411,80411,0,203174,172069,31105
2021-04-26,3338683,2.6397665,2418298,1.9120538,920385,0.7277125,174206,1377,324885,283234,41651,61557,61557,0,263328,221677,41651
2021-04-25,3013798,2.3828924,2135064,1.6881118,878734,0.6947807,149585,1182,24262,24262,0,24262,24262,0,0,0,0
2021-04-24,2989536,2.3637094,2110802,1.6689287,878734,0.6947807,147396,1165,36439,36439,0,36439,36439,0,0,0,0
2021-04-23,2953097,2.3348985,2074363,1.6401179,878734,0.6947807,143337,1133,233564,203881,29683,55892,55892,0,177672,147989,29683
2021-04-22,2719533,2.1502285,1870482,1.4789171,849051,0.6713115,121457,960,209308,187453,21855,58819,58819,0,150489,128634,21855
2021-04-21,2510225,1.9847369,1683029,1.3307054,827196,0.6540316,100301,793,213654,186958,26696,60770,60770,0,152884,126188,26696
2021-04-20,2296571,1.815809,1496071,1.1828849,800500,0.63292414,77764,614,177330,149533,27797,50911,50911,0,126419,98622,27797
2021-04-19,2119241,1.6756011,1346538,1.0646551,772703,0.6109461,60734,480,152543,98236,54307,33511,33511,0,119032,64725,54307
2021-04-18,1966698,1.5549914,1248302,0.98698366,718396,0.5680077,53454,422,8940,8940,0,8940,8940,0,0,0,0
2021-04-17,1957758,1.5479228,1239362,0.97991514,718396,0.5680077,0,0,8021,8021,0,8021,8021,0,0,0,0
2021-04-16,1949737,1.5415809,1231341,0.97357327,718396,0.5680077,0,0,80409,40418,39991,10722,10722,0,69687,29696,39991
2021-04-15,1869328,1.4780047,1190923,0.94161636,678405,0.53638834,0,0,61213,25230,35983,8593,8593,0,52620,16637,35983
2021-04-14,1808115,1.429606,1165693,0.921668,642422,0.507938,0,0,55896,14469,41427,4900,4900,0,50996,9569,41427
2021-04-13,1752219,1.3854111,1151224,0.9102279,600995,0.4751833,0,0,58122,18032,40090,4136,4136,0,53986,13896,40090
2021-04-12,1694097,1.3394564,1133192,0.8959707,560905,0.4434857,0,0,101580,31494,70086,4644,4644,0,96936,26850,70086
