date,total_vaccinations,total_vaccinations_per_hundred,people_vaccinated,people_vaccinated_per_hundred,people_fully_vaccinated,people_fully_vaccinated_per_hundred,daily_vaccinations,daily_vaccinations_per_million,daily_vaccinations_raw,daily_vaccinations_first_raw,daily_vaccinations_second_raw,korei_daily_vaccinations_raw,korei_daily_vaccinations_first_raw,korei_daily_vaccinations_second_raw,iryo_daily_vaccinations_raw,iryo_daily_vaccinations_first_raw,iryo_daily_vaccinations_second_raw
2021-06-21,32922292,26.03037,23158516,18.310535,9763776,7.7198367,819535,6479,783945,405398,378547,585165,330401,254764,198780,74997,123783
2021-06-20,32138347,25.410538,22753118,17.990002,9385229,7.420534,847941,6704,623344,370787,252557,623344,370787,252557,0,0,0
2021-06-19,31515003,24.917685,22382331,17.696836,9132672,7.220847,867045,6855,677702,416419,261283,677702,416419,261283,0,0,0
2021-06-18,30837301,24.38185,21965912,17.36759,8871389,7.0142612,880684,6963,842778,449731,393047,716830,397474,319356,125948,52257,73691
2021-06-17,29994523,23.7155,21516181,17.012003,8478342,6.703494,890920,7044,931286,493333,437953,801956,441796,360160,129330,51537,77793
2021-06-16,29063237,22.979166,21022848,16.621946,8040389,6.3572216,893884,7067,942260,488124,454136,823525,441430,382095,118735,46694,72041
2021-06-15,28120977,22.234158,20534724,16.236006,7586253,5.998154,900180,7117,935430,507037,428393,820067,463622,356445,115363,43415,71948
2021-06-14,27185547,21.494553,20027687,15.835112,7157860,5.6594405,902276,7133,982791,538247,444544,767826,446818,321008,214965,91429,123536
2021-06-13,26202756,20.717497,19489440,15.409539,6713316,5.307957,898169,7101,757072,495801,261271,757072,495801,261271,0,0,0
2021-06-12,25445684,20.11891,18993639,15.0175295,6452045,5.1013803,886382,7008,773172,545157,228015,773172,545157,228015,0,0,0
2021-06-11,24672512,19.507593,18448482,14.586494,6224030,4.9210978,869328,6873,914431,613088,301343,766448,556585,209863,147983,56503,91480
2021-06-10,23758081,18.784586,17835394,14.10175,5922687,4.6828375,853919,6751,952035,625705,326330,815444,571736,243708,136591,53969,82622
2021-06-09,22806046,18.03185,17209689,13.607029,5596357,4.424821,837514,6621,986335,653100,333235,818951,584359,234592,167384,68741,98643
2021-06-08,21819711,17.251995,16556589,13.090649,5263122,4.161345,818083,6468,950096,672332,277764,788174,599653,188521,161922,72679,89243
2021-06-07,20869615,16.500792,15884257,12.559062,4985358,3.941728,797169,6302,954047,664030,290017,714710,557449,157261,239337,106581,132756
2021-06-06,19915568,15.746463,15220227,12.0340395,4695341,3.7124228,780992,6175,674559,507102,167457,674559,507102,167457,0,0,0
2021-06-05,19241009,15.213114,14713125,11.633094,4527884,3.5800211,755551,5973,653793,542553,111240,653793,542553,111240,0,0,0
2021-06-04,18587216,14.696186,14170572,11.204119,4416644,3.492068,731285,5781,806574,616483,190091,647371,552920,94451,159203,63563,95640
2021-06-03,17780642,14.05846,13554089,10.716689,4226553,3.3417704,712744,5635,837194,639357,197837,694037,579591,114446,143157,59766,83391
2021-06-02,16943448,13.396523,12914732,10.211175,4028716,3.1853485,690713,5461,850321,646792,203529,691195,575336,115859,159126,71456,87670
2021-06-01,16093127,12.724208,12267940,9.699781,3825187,3.024426,666030,5266,803700,620825,182875,644643,554438,90205,159057,66387,92670
2021-05-31,15289427,12.088754,11647115,9.20892,3642312,2.879834,639351,5055,840809,624923,215886,567554,492918,74636,273255,132005,141250
2021-05-30,14448618,11.423959,11022192,8.714817,3426426,2.7091413,625947,4949,496471,437404,59067,496471,437404,59067,0,0,0
2021-05-29,13952147,11.031418,10584788,8.3689785,3367359,2.6624393,601596,4756,483930,437956,45974,483930,437956,45974,0,0,0
2021-05-28,13468217,10.648793,10146832,8.022704,3321385,2.6260896,573547,4534,676785,571149,105636,512269,483408,28861,164516,87741,76775
2021-05-27,12791432,10.113687,9575683,7.571119,3215749,2.5425673,551334,4359,682977,591066,91911,537828,506809,31019,145149,84257,60892
2021-05-26,12108455,9.573683,8984617,7.103786,3123838,2.4698968,523779,4141,677544,619455,58089,534955,526040,8915,142589,93415,49174
2021-05-25,11430911,9.037975,8365162,6.614007,3065749,2.423968,509505,4028,616941,557347,59594,477289,469757,7532,139652,87590,52062
2021-05-24,10813970,8.550184,7807815,6.1733346,3006155,2.3768494,494130,3906,746987,546393,200594,416398,409633,6765,330589,136760,193829
2021-05-23,10066983,7.9595704,7261422,5.741323,2805561,2.2182477,467927,3699,326011,305946,20065,326011,305946,20065,0,0,0
2021-05-22,9740972,7.7018065,6955476,5.4994235,2785496,2.202383,449034,3550,287589,262501,25088,287589,262501,25088,0,0,0
2021-05-21,9453383,7.474421,6692975,5.291874,2760408,2.1825469,428053,3384,521291,347608,173683,272270,247690,24580,249021,99918,149103
2021-05-20,8932092,7.062257,6345367,5.017034,2586725,2.0452225,406683,3215,490090,367298,122792,299557,285876,13681,190533,81422,109111
2021-05-19,8442002,6.674762,5978069,4.726626,2463933,1.9481356,390527,3087,577631,364816,212815,309765,276653,33112,267866,88163,179703
2021-05-18,7864371,6.2180514,5613253,4.43818,2251118,1.7798711,357090,2823,509317,319366,189951,259073,224789,34284,250244,94577,155667
2021-05-17,7355054,5.8153543,5293887,4.18567,2061167,1.6296843,326840,2584,563564,322722,240842,213998,188879,25119,349566,133843,215723
2021-05-16,6791490,5.369766,4971165,3.9305062,1820325,1.4392599,292321,2311,193761,178593,15168,193761,178593,15168,0,0,0
2021-05-15,6597729,5.216567,4792572,3.7892997,1805157,1.4272672,275228,2176,140721,124598,16123,140721,124598,16123,0,0,0
2021-05-14,6457008,5.1053042,4667974,3.690785,1789034,1.4145194,263015,2079,371698,210445,161253,128820,110952,17868,242878,99493,143385
2021-05-13,6085310,4.811417,4457529,3.5243943,1627781,1.287023,235232,1859,377000,227142,149858,157861,133713,24148,219139,93429,125710
2021-05-12,5708310,4.513338,4230387,3.344802,1477923,1.1685361,234301,1852,343570,219510,124060,161850,136551,25299,181720,82959,98761
2021-05-11,5364740,4.2416906,4010877,3.171244,1353863,1.0704466,186518,1474,297569,197772,99797,128831,107485,21346,168738,90287,78451
2021-05-10,5067171,4.0064144,3813105,3.0148733,1254066,0.991541,145066,1146,321930,240100,81830,98426,84845,13581,223504,155255,68249
2021-05-09,4745241,3.7518768,3573005,2.8250356,1172236,0.92684126,100041,790,74111,67973,6138,74111,67973,6138,0,0,0
2021-05-08,4671130,3.6932802,3505032,2.771292,1166098,0.9219882,92508,731,55233,50517,4716,55233,50517,4716,0,0,0
2021-05-07,4615897,3.6496096,3454515,2.7313502,1161382,0.91825944,88409,699,177216,129041,48175,36872,31876,4996,140344,97165,43179
2021-05-06,4438681,3.509492,3325474,2.6293225,1113207,0.88016933,107082,846,370483,302531,67952,38569,33553,5016,331914,268978,62936
2021-05-05,4068198,3.2165654,3022943,2.3901231,1045255,0.82644236,56060,443,9086,8207,879,9086,8207,879,0,0,0
2021-05-04,4059112,3.2093813,3014736,2.383634,1044376,0.8257474,95194,752,7409,6799,610,7409,6799,610,0,0,0
2021-05-03,4051703,3.2035234,3007937,2.3782585,1043766,0.82526505,129558,1024,6752,5984,768,6752,5984,768,0,0,0
2021-05-02,4044951,3.198185,3001953,2.373527,1042998,0.8246578,170932,1351,21377,21377,0,21377,21377,0,0,0,0
2021-05-01,4023574,3.181283,2980576,2.356625,1042998,0.8246578,170331,1346,26540,26540,0,26540,26540,0,0,0,0
2021-04-30,3997034,3.1602988,2954036,2.335641,1042998,0.8246578,169321,1338,307927,260687,47240,33020,33020,0,274907,227667,47240
2021-04-29,3689107,2.916833,2693349,2.129526,995758,0.78730696,154298,1219,13330,13330,0,13330,13330,0,0,0,0
2021-04-28,3675777,2.9062934,2680019,2.1189864,995758,0.78730696,178332,1410,283028,238760,44268,44755,44755,0,238273,194005,44268
2021-04-27,3392749,2.6825142,2441259,1.9302082,951490,0.752306,164384,1299,247956,216851,31105,44782,44782,0,203174,172069,31105
2021-04-26,3144793,2.4864652,2224408,1.7587526,920385,0.7277125,150986,1193,296366,254715,41651,33038,33038,0,263328,221677,41651
2021-04-25,2848427,2.25214,1969693,1.5573593,878734,0.6947807,128188,1013,17174,17174,0,17174,17174,0,0,0,0
2021-04-24,2831253,2.2385612,1952519,1.5437806,878734,0.6947807,126682,1001,19470,19470,0,19470,19470,0,0,0,0
2021-04-23,2811783,2.2231672,1933049,1.5283864,878734,0.6947807,124651,985,202762,173079,29683,25090,25090,0,177672,147989,29683
2021-04-22,2609021,2.0628512,1759970,1.3915396,849051,0.6713115,106478,841,181568,159713,21855,31079,31079,0,150489,128634,21855
2021-04-21,2427453,1.9192923,1600257,1.2652608,827196,0.6540316,88908,702,185396,158700,26696,32512,32512,0,152884,126188,26696
2021-04-20,2242057,1.772707,1441557,1.1397829,800500,0.63292414,70224,555,154172,126375,27797,27753,27753,0,126419,98622,27797
2021-04-19,2087885,1.6508092,1315182,1.0398631,772703,0.6109461,56381,445,136774,82467,54307,17742,17742,0,119032,64725,54307
2021-04-18,1951111,1.5426673,1232715,0.9746596,718396,0.5680077,51227,405,6638,6638,0,6638,6638,0,0,0,0
2021-04-17,1944473,1.537419,1226077,0.96941125,718396,0.5680077,0,0,5248,5248,0,5248,5248,0,0,0,0
2021-04-16,1939225,1.5332695,1220829,0.9652619,718396,0.5680077,0,0,75556,35565,39991,5869,5869,0,69687,29696,39991
2021-04-15,1863669,1.4735303,1185264,0.937142,678405,0.53638834,0,0,58573,22590,35983,5953,5953,0,52620,16637,35983
2021-04-14,1805096,1.4272189,1162674,0.91928095,642422,0.507938,0,0,54609,13182,41427,3613,3613,0,50996,9569,41427
2021-04-13,1750487,1.3840418,1149492,0.9088585,600995,0.4751833,0,0,57270,17180,40090,3284,3284,0,53986,13896,40090
2021-04-12,1693217,1.3387606,1132312,0.89527494,560905,0.4434857,0,0,100700,30614,70086,3764,3764,0,96936,26850,70086
